/*
	Program Name:	Mod11BoxSortPracticeMM
	Author: Mac Mai
	Date:	02/24/2020
	Version:	1.2
	Description: Box Sort	
	Problems:	No problems
		Solutions:	N/A
	What I Learned:	How box sort works
*/

// Imports
import java.io.*;
import java.util.*;

public class Mod11BoxSortPracticeMM {
	public static void main(String[] args) {
		Box[] boxArray = {
			new Box(1.0, 2.3, 2.7), new Box(1.0, 4.9, 3.2), 
			new Box(3.0, 1.3, 2.7), new Box(3.0, 0.1, 4.67),
			new Box(1.3, 1.3, 1.3), new Box(4.0, 2.3, 1.7), 
			new Box(2.2, 2.1, 1.67), new Box(2.3, 7.3, 6.3),
			new Box(2.0, 3.3, 5.3)
		};

		// print out the array
		System.out.println("Before: ");
		for (Box box : boxArray) {
			System.out.println(box);
		}
		System.out.println();

		// sort the array
		selectionSort(boxArray);

		// print out the array
		System.out.println("After: ");
		for (Box box : boxArray) {
			System.out.println(box);
		}
		System.out.println();

	}

	// Box Sort
	// Takes the next value and inserts it into the sorted subset
	// When it inserts the last value then it's done

	// Sort an array of Box
	public static void selectionSort(Box[] array) {
		// Find the object reference that should go in each cell of
		// the array, from cell 0 to the end
		for (int j = 0; j < array.length - 1; j++) {
			// Find min: the index of the reference that should go into cell j.
			// Look through the unsorted references (those at j or higher)
			int min = j;
			for (int k = j + 1; k < array.length; k++) {
				if (array[k].compareTo(array[min]) < 0) {
					min = k;
				}
			}
			// Swap the reference at j with the reference at min
			Box temp = array[j];
			array[j] = array[min];
			array[min] = temp;
		}
	}
}

/*
	Sample Output: [User Input]
		Before:
		length: 1.0,  height: 2.3,  depth: 2.7,  volume: 6.21
		length: 1.0,  height: 4.9,  depth: 3.2,  volume: 15.680000000000001
		length: 3.0,  height: 1.3,  depth: 2.7,  volume: 10.530000000000001
		length: 3.0,  height: 0.1,  depth: 4.67,  volume: 1.4010000000000002
		length: 1.3,  height: 1.3,  depth: 1.3,  volume: 2.1970000000000005
		length: 4.0,  height: 2.3,  depth: 1.7,  volume: 15.639999999999999
		length: 2.2,  height: 2.1,  depth: 1.67,  volume: 7.715400000000002
		length: 2.3,  height: 7.3,  depth: 6.3,  volume: 105.77699999999999
		length: 2.0,  height: 3.3,  depth: 5.3,  volume: 34.98

		After:
		length: 2.3,  height: 7.3,  depth: 6.3,  volume: 105.77699999999999
		length: 2.0,  height: 3.3,  depth: 5.3,  volume: 34.98
		length: 1.0,  height: 4.9,  depth: 3.2,  volume: 15.680000000000001
		length: 4.0,  height: 2.3,  depth: 1.7,  volume: 15.639999999999999
		length: 3.0,  height: 1.3,  depth: 2.7,  volume: 10.530000000000001
		length: 2.2,  height: 2.1,  depth: 1.67,  volume: 7.715400000000002
		length: 1.0,  height: 2.3,  depth: 2.7,  volume: 6.21
		length: 1.3,  height: 1.3,  depth: 1.3,  volume: 2.1970000000000005
		length: 3.0,  height: 0.1,  depth: 4.67,  volume: 1.4010000000000002

	They work together so well because it's made to sort boxes
*/